Instancia,n,capacidad-camión,k-opt,costo-opt,Algoritmo,costo-sol,k-sol,tiempo
B-n31-k5 , 31, 100,	5, 672,  MCD, 813.374274, 5, 0.038256
B-n34-k5 , 34, 100,	5, 788,  MCD, 1346.526752, 6, 0.034146
B-n35-k5 , 35, 100,	5, 955,  MCD, 1259.170088, 5, 0.034021
B-n38-k6 , 38, 100,	6, 805,  MCD, 1193.936910, 6, 0.043010
B-n39-k5 , 39, 100,	5, 549,  MCD, 1119.256783, 5, 0.036920
B-n41-k6 , 41, 100,	6, 829,  MCD, 1623.834698, 7, 0.040391
B-n43-k6 , 43, 100,	6, 742,  MCD, 1317.260577, 6, 0.066820
B-n44-k7 , 44, 100,	7, 909,  MCD, 1143.320316, 7, 0.052403
B-n45-k5 , 45, 100,	5, 751,  MCD, 1568.645222, 6, 0.043741
B-n45-k6 , 45, 100,	6, 678,  MCD, 1382.702180, 7, 0.045655
B-n50-k7 , 50, 100,	7, 741,  MCD, 1848.896759, 7, 0.050118
B-n50-k8 , 50, 100,	8, 1312, MCD, 1871.662886, 9, 0.052108
B-n51-k7 , 51, 100,	7, 1032, MCD, 2245.563795, 8, 0.051141
B-n52-k7 , 52, 100,	7, 747,  MCD, 1721.997149, 7, 0.084761
B-n56-k7 , 56, 100,	7, 707,  MCD, 1582.337416, 7, 0.088986
B-n57-k7 , 57, 100,	7, 1153, MCD, 2559.662571, 8, 0.060041
B-n57-k9 , 57, 100,	9, 1598, MCD, 2746.106115, 9, 0.061802
B-n63-k10, 63, 100,	10,1496, MCD, 2757.909126, 11, 0.069319
B-n64-k9 , 64, 100,	9, 861,  MCD, 2240.454779, 10, 0.079427
B-n66-k9 , 66, 100,	9, 1316, MCD, 2499.438335, 9, 0.118242
B-n67-k10, 67, 100,	10,1032, MCD, 1974.029616, 10, 0.127143
B-n68-k9 , 68, 100,	9, 1272, MCD, 2320.306541, 9, 0.125179
B-n78-k10, 78, 100,	10,1221, MCD, 3028.882941, 11, 0.138858
