M-n151-k12,151,200,12,C-RS-A,1271.91,12,3442
M-n121-k7,121,200,7,C-RS-A,1175.16,7,5334.6
M-n101-k10,101,200,10,C-RS-A,860.759,10,7094.4
e-n30-k3,30,4500,3,C-RS-A,560.939,4,1067.8
e-n76-k14,76,100,14,C-RS-A,1169.26,16,33116
a-n55-k9,55,100,9,C-RS-A,1212.44,9,8771.6
a-n32-k5,32,100,5,C-RS-A,905.395,5,86.4
a-n65-k9,65,100,9,C-RS-A,1364.14,9,4556.6
b-n63-k10,63,100,10,C-RS-A,1633.95,10,11205.8
b-n44-k7,44,100,7,C-RS-A,1011.19,7,1046.2
b-n63-k10,63,100,10,C-RS-A,1633.95,10,11419.8
b-n45-k6,45,100,6,C-RS-A,780.475,7,2621.4
b-n52-k7,52,100,7,C-RS-A,793.603,7,1841.8
b-n78-k10,78,100,10,C-RS-A,1318.99,10,2049.6
b-n31-k5,31,100,5,C-RS-A,680.028,5,93.6
b-n67-k10,67,100,10,C-RS-A,1158.35,10,9910.4
b-n50-k7,50,100,7,C-RS-A,791.597,7,5210.8
p-n50-k7,50,150,7,C-RS-A,652.746,7,2524.2
p-n45-k5,45,150,5,C-RS-A,596.031,5,1404
p-n40-k5,40,140,5,C-RS-A,520.762,5,109.2
p-n23-k8,23,40,8,C-RS-A,562.803,9,191702
p-n50-k7,50,150,7,C-RS-A,652.746,7,2250.4
p-n20-k2,20,160,2,C-RS-A,284.515,2,62.4
p-n16-k8,16,35,8,C-RS-A,462.689,8,21799.6
